ID	Region	Stratum	Reference	Pixarea	Map
1	SEA-AUS	10	1	0.000637793	1
2	EUR	2	0	0.000430062	0
3	AFR	1	0	0.00074926	0
4	LAM	3	0	0.000732794	0
5	LAM	8	1	0.000743643	1
6	LAM	3	0	0.000766086	0
7	LAM	8	0	0.000762473	0
8	SEA-AUS	10	1	0.000626077	1
9	LAM	3	0	0.000759622	0
10	SEA-AUS	10	1	0.000769286	1
11	EUR	2	0	0.00060334	0
12	AFR	6	0	0.000703913	0
13	LAM	3	0	0.000748342	0
14	LAM	3	0	0.00076775	0
15	EUR	7	1	0.00045062	1
16	AFR	6	1	0.000641421	1
17	LAM	8	0	0.000692807	0
18	EUR	7	1	0.00030901	0
19	EUR	7	1	0.000355239	1
20	SEA-AUS	5	0	0.000766491	0
21	NAM	9	1	0.000526506	1
22	LAM	8	1	0.000730726	1
23	EUR	7	1	0.000383659	1
24	EUR	2	0	0.000356336	0
25	LAM	3	0	0.000763977	0
26	SEA-AUS	10	1	0.000670386	1
27	SEA-AUS	5	0	0.000680653	0
28	NAM	4	0	0.000533693	0
29	LAM	8	1	0.000769293	1
30	SEA-AUS	10	1	0.000649157	1
31	EUR	7	1	0.000417264	1
32	NAM	4	0	0.000520948	0
33	EUR	7	1	0.000447675	1
34	AFR	6	0	0.000768308	1
35	LAM	8	1	0.000624553	1
36	LAM	3	0	0.000741128	0
37	SEA-AUS	10	1	0.000627337	1
38	SEA-AUS	5	0	0.000768305	0
39	EUR	7	1	0.000366741	1
40	AFR	1	0	0.000767917	0
41	EUR	7	1	0.000394689	1
42	NAM	4	0	0.000657439	0
43	SEA-AUS	10	1	0.000768368	1
44	EUR	7	1	0.00032961	1
45	EUR	7	1	0.000371195	1
46	AFR	1	0	0.000740774	0
47	LAM	3	0	0.00076806	0
48	SEA-AUS	5	0	0.000769127	0
49	LAM	3	0	0.000765903	0
50	SEA-AUS	10	1	0.000650643	1
51	SEA-AUS	10	1	0.000768301	1
52	SEA-AUS	5	0	0.000769316	0
53	LAM	3	0	0.000628745	0
54	SEA-AUS	5	0	0.000737975	0
55	NAM	4	0	0.000631852	0
56	LAM	3	0	0.00065255	0
57	EUR	7	1	0.000343097	1
58	EUR	2	0	0.000350347	0
59	NAM	9	1	0.000536851	1
60	NAM	4	0	0.000643145	0
61	SEA-AUS	10	0	0.000768355	0
62	SEA-AUS	5	0	0.000768304	0
63	EUR	7	1	0.0004174	1
64	EUR	7	0	0.000465196	0
65	AFR	1	0	0.000765787	0
66	NAM	4	0	0.000431108	0
67	EUR	2	0	0.00032957	0
68	EUR	7	1	0.00034966	1
69	SEA-AUS	10	1	0.000768661	0
70	SEA-AUS	5	0	0.000750346	0
71	SEA-AUS	10	0	0.00076838	0
72	SEA-AUS	10	1	0.000647873	1
73	NAM	9	1	0.000344858	1
74	NAM	9	1	0.00040947	1
75	NAM	9	1	0.000479636	1
76	EUR	2	0	0.000340814	0
77	LAM	3	1	0.000751658	0
78	NAM	9	1	0.000343327	1
79	EUR	7	1	0.000415501	1
80	LAM	3	0	0.000731065	0
81	AFR	1	0	0.000768997	0
82	NAM	9	1	0.000390752	1
83	SEA-AUS	5	0	0.000768768	0
84	AFR	1	0	0.000761883	0
85	SEA-AUS	5	0	0.000733703	0
86	SEA-AUS	10	0	0.000697303	1
87	SEA-AUS	10	0	0.000639849	1
88	SEA-AUS	5	0	0.000767672	0
89	LAM	3	0	0.000706829	0
90	AFR	1	0	0.000764844	0
91	EUR	7	1	0.000353908	1
92	EUR	7	0	0.00034782	0
93	NAM	4	0	0.000641793	0
94	NAM	4	0	0.000557616	0
95	EUR	2	0	0.000386217	0
96	SEA-AUS	5	0	0.000769036	0
97	EUR	2	0	0.000420427	0
98	NAM	4	0	0.000655106	0
99	LAM	3	0	0.000759478	0
100	LAM	3	0	0.000731302	0
101	LAM	3	0	0.000713081	0
102	SEA-AUS	10	1	0.000665985	1
103	EUR	7	1	0.000385351	1
104	EUR	7	1	0.000352066	1
105	NAM	4	0	0.000589886	0
106	LAM	3	0	0.000726744	0
107	AFR	1	0	0.000727042	0
108	EUR	7	1	0.000354209	1
109	LAM	3	0	0.000579807	0
110	EUR	2	0	0.000515744	0
111	NAM	4	0	0.000619784	0
112	NAM	9	0	0.000487778	1
113	SEA-AUS	5	1	0.000760373	0
114	NAM	9	1	0.000566338	1
115	EUR	2	0	0.000516527	0
116	LAM	3	0	0.000736298	0
117	LAM	8	1	0.000749385	0
118	AFR	6	1	0.000719613	1
119	SEA-AUS	10	0	0.000766909	0
120	EUR	2	0	0.000347119	0
121	LAM	3	0	0.000763871	0
122	LAM	8	0	0.000671356	1
123	LAM	8	0	0.000677277	0
124	AFR	6	1	0.000641462	0
125	EUR	2	0	0.000570073	0
126	NAM	9	1	0.000379691	1
127	NAM	9	1	0.000490758	0
128	NAM	4	0	0.000632646	0
129	AFR	6	0	0.000713231	1
130	EUR	2	0	0.000393613	0
131	AFR	6	1	0.000618723	1
132	EUR	2	0	0.000394443	0
133	EUR	7	0	0.000466095	0
134	AFR	1	0	0.000760558	0
135	EUR	7	0	0.000610033	0
136	NAM	4	0	0.000637228	0
137	LAM	3	0	0.000729234	0
138	AFR	1	0	0.00076363	0
139	NAM	4	0	0.000613443	0
140	NAM	9	1	0.000442766	1
141	EUR	7	1	0.000368568	1
142	SEA-AUS	5	0	0.000766917	0
143	LAM	3	0	0.000689091	0
144	AFR	1	0	0.000740631	0
145	LAM	3	0	0.000606902	0
146	EUR	7	1	0.000316536	1
147	SEA-AUS	5	0	0.000608644	0
148	LAM	3	0	0.0006952	0
149	LAM	3	0	0.000748939	0
150	SEA-AUS	5	0	0.000767314	0
151	EUR	7	1	0.000457697	1
152	SEA-AUS	5	0	0.000713024	0
153	NAM	4	0	0.000641185	0
154	AFR	1	0	0.000739916	0
155	EUR	2	0	0.000348493	0
156	SEA-AUS	5	0	0.000731775	0
157	AFR	6	0	0.000738419	0
158	LAM	3	0	0.000767522	0
159	NAM	9	1	0.000398141	1
160	SEA-AUS	5	1	0.000768203	0
161	AFR	6	1	0.000638526	1
162	EUR	7	1	0.000330503	1
163	AFR	1	0	0.000766937	0
164	NAM	4	0	0.000639179	0
165	SEA-AUS	10	0	0.000649241	1
166	LAM	8	0	0.000757521	1
167	AFR	1	0	0.000769314	0
168	LAM	3	0	0.000768286	0
169	AFR	6	1	0.000638155	1
170	NAM	4	0	0.000499829	0
171	LAM	3	0	0.000752967	0
172	EUR	2	0	0.000565022	0
173	LAM	8	1	0.000726632	1
174	SEA-AUS	5	0	0.000768725	0
175	EUR	2	0	0.000396689	0
176	LAM	3	0	0.000629984	0
177	NAM	4	0	0.000653207	0
178	LAM	3	0	0.000703368	0
179	SEA-AUS	5	0	0.000699917	0
180	SEA-AUS	10	0	0.000681432	0
181	LAM	3	0	0.000733234	0
182	EUR	7	0	0.000419063	0
183	AFR	1	0	0.000727491	0
184	AFR	1	0	0.00076339	0
185	AFR	6	1	0.000641301	1
186	LAM	8	1	0.000759179	1
187	NAM	9	1	0.000407043	1
188	EUR	2	1	0.00042011	0
189	SEA-AUS	5	0	0.000768427	0
190	LAM	8	1	0.000767851	0
191	AFR	6	1	0.000769236	1
192	EUR	2	0	0.000357916	0
193	NAM	4	0	0.000494769	0
194	LAM	3	0	0.000739265	0
195	NAM	4	0	0.000515512	0
196	LAM	3	0	0.000767597	0
197	EUR	2	0	0.000396894	0
198	SEA-AUS	10	0	0.000714891	1
199	LAM	3	0	0.000755218	0
200	NAM	9	1	0.000406378	1
201	EUR	2	0	0.000332733	0
202	LAM	8	1	0.000761683	1
203	SEA-AUS	10	1	0.000716799	1
204	AFR	6	0	0.000764734	0
205	NAM	9	1	0.000377996	1
206	SEA-AUS	5	0	0.000764426	0
207	SEA-AUS	10	0	0.000626116	1
208	SEA-AUS	10	0	0.00071633	0
209	EUR	7	0	0.000397314	1
210	SEA-AUS	10	1	0.000658681	1
211	EUR	7	1	0.00048132	1
212	EUR	2	0	0.000508445	0
213	EUR	7	1	0.000339727	1
214	NAM	9	1	0.000356606	1
215	AFR	1	0	0.00076137	0
216	SEA-AUS	10	1	0.000768927	1
217	SEA-AUS	10	1	0.000768752	1
218	AFR	1	0	0.000766733	0
219	SEA-AUS	10	0	0.000687228	1
220	EUR	2	0	0.000419202	0
221	NAM	4	0	0.000631778	0
222	NAM	4	0	0.000646041	0
223	AFR	1	0	0.000742371	0
224	SEA-AUS	5	0	0.000726902	0
225	LAM	3	0	0.000701943	0
226	LAM	3	0	0.000754134	0
227	AFR	1	0	0.000750432	0
228	AFR	1	0	0.000767447	0
229	EUR	2	0	0.000626516	0
230	NAM	4	0	0.00050046	0
231	AFR	1	0	0.000768687	0
232	SEA-AUS	5	0	0.000722076	0
233	LAM	3	0	0.000759043	0
234	AFR	6	0	0.000743508	0
235	LAM	3	0	0.000755288	0
236	SEA-AUS	5	0	0.000709465	0
237	NAM	9	1	0.000308432	1
238	AFR	6	0	0.000636424	0
239	NAM	9	1	0.000623795	1
240	AFR	1	0	0.000755542	0
241	EUR	7	1	0.000424703	1
242	NAM	4	0	0.000653822	0
243	NAM	9	1	0.000387365	1
244	EUR	2	0	0.000509841	0
245	LAM	8	1	0.000733985	1
246	NAM	4	0	0.000503474	0
247	LAM	3	0	0.000757564	0
248	SEA-AUS	5	0	0.000768852	0
249	NAM	4	0	0.000660215	0
250	SEA-AUS	10	1	0.000648382	1
251	LAM	8	1	0.000767821	1
252	SEA-AUS	5	0	0.000720815	0
253	LAM	3	0	0.000769064	0
254	LAM	3	0	0.000737355	0
255	LAM	3	0	0.000766945	0
256	LAM	8	0	0.000752854	0
257	AFR	1	0	0.000768482	0
258	LAM	3	0	0.000763225	0
259	AFR	1	0	0.000742049	0
260	SEA-AUS	5	0	0.00072602	0
261	LAM	8	1	0.000748586	1
262	LAM	3	0	0.000693451	0
263	EUR	7	1	0.000339463	1
264	AFR	6	1	0.000706687	0
265	LAM	3	0	0.000739676	0
266	EUR	7	1	0.000376544	1
267	EUR	2	0	0.000565995	0
268	EUR	2	0	0.000447861	0
269	LAM	8	1	0.000749899	1
270	SEA-AUS	10	1	0.000635501	1
271	EUR	7	1	0.000315758	1
272	LAM	3	0	0.000738536	0
273	AFR	6	1	0.000739509	1
274	EUR	7	1	0.000359893	1
275	EUR	7	1	0.000445514	1
276	SEA-AUS	5	0	0.000768559	0
277	NAM	4	0	0.00062288	0
278	EUR	7	1	0.000339262	1
279	LAM	3	0	0.000653783	0
280	LAM	8	0	0.000769289	0
281	LAM	3	0	0.000746109	0
282	NAM	4	0	0.000668901	0
283	LAM	3	0	0.000768087	0
284	EUR	7	1	0.000351963	1
285	AFR	6	0	0.000729747	1
286	SEA-AUS	10	0	0.00069414	1
287	NAM	9	1	0.000492826	1
288	AFR	1	0	0.000766851	0
289	NAM	4	0	0.000450514	0
290	AFR	1	0	0.000717904	0
291	EUR	7	0	0.000414623	1
292	AFR	1	0	0.000758553	0
293	LAM	3	0	0.000706651	0
294	EUR	7	1	0.000381345	1
295	EUR	2	0	0.00058802	0
296	SEA-AUS	5	0	0.000768727	0
297	LAM	3	0	0.000701711	0
298	SEA-AUS	10	0	0.000685943	1
299	AFR	1	0	0.000737588	0
300	LAM	3	0	0.000735971	0
301	LAM	8	1	0.000760896	0
302	LAM	3	0	0.000696497	0
303	LAM	3	0	0.000737706	0
304	EUR	7	1	0.000364784	1
305	LAM	3	0	0.000747902	0
306	SEA-AUS	10	1	0.000668947	1
307	LAM	3	0	0.00070079	0
308	EUR	2	0	0.000423523	0
309	SEA-AUS	5	0	0.000724123	0
310	LAM	3	0	0.000741006	0
311	NAM	4	0	0.000645758	0
312	SEA-AUS	5	0	0.000754258	0
313	NAM	9	1	0.000488327	1
314	NAM	9	1	0.000541973	1
315	LAM	8	1	0.000750648	1
316	AFR	1	0	0.000763824	0
317	LAM	3	0	0.000767269	0
318	SEA-AUS	5	0	0.000701181	0
319	LAM	8	1	0.000706282	1
320	NAM	9	1	0.000435905	1
321	LAM	8	0	0.000767968	1
322	LAM	3	0	0.00073202	0
323	AFR	1	0	0.000754472	0
324	AFR	1	0	0.000767815	0
325	AFR	1	0	0.000766757	0
326	LAM	8	1	0.000753557	1
327	SEA-AUS	5	0	0.000769272	0
328	EUR	2	0	0.000349539	0
329	EUR	7	1	0.000349801	1
330	AFR	6	0	0.000709963	0
331	SEA-AUS	5	0	0.000746267	0
332	SEA-AUS	5	0	0.000769175	0
333	AFR	1	0	0.000718446	0
334	LAM	3	0	0.000723235	0
335	LAM	8	1	0.000766073	1
336	AFR	1	0	0.000769272	0
337	AFR	6	1	0.000636389	0
338	LAM	3	0	0.000701067	0
339	EUR	2	0	0.000390953	0
340	SEA-AUS	5	0	0.000610119	0
341	EUR	7	0	0.00039869	0
342	AFR	1	0	0.000764505	0
343	EUR	2	0	0.000561502	0
344	NAM	4	0	0.000653757	0
345	LAM	3	0	0.000752988	0
346	LAM	8	1	0.000769048	1
347	EUR	7	1	0.000463092	1
348	LAM	3	0	0.000769312	0
349	SEA-AUS	10	1	0.000582591	1
350	EUR	7	1	0.000460874	1
351	NAM	9	1	0.000382325	1
352	AFR	6	0	0.000764831	0
353	SEA-AUS	10	0	0.000676459	1
354	SEA-AUS	10	0	0.000704122	0
355	NAM	9	1	0.000471967	1
356	LAM	3	0	0.000735612	0
357	LAM	3	0	0.00076187	0
358	EUR	2	0	0.000505954	0
359	SEA-AUS	5	0	0.000674164	0
360	SEA-AUS	10	1	0.000666887	1
361	NAM	9	1	0.000446209	1
362	SEA-AUS	10	0	0.000576124	1
363	LAM	3	0	0.000765265	0
364	LAM	3	1	0.000726985	0
365	NAM	9	1	0.00035113	1
366	SEA-AUS	5	0	0.000767284	0
367	EUR	7	1	0.000282696	1
368	SEA-AUS	5	0	0.000733146	0
369	SEA-AUS	5	0	0.000768326	0
370	AFR	6	0	0.000712163	1
371	EUR	7	1	0.000464238	1
372	LAM	8	0	0.000733514	0
373	LAM	3	0	0.000759773	0
374	SEA-AUS	5	0	0.000767777	0
375	NAM	4	0	0.000447307	0
376	EUR	7	1	0.000293636	1
377	AFR	1	0	0.000769024	0
378	SEA-AUS	5	0	0.000703735	0
379	EUR	7	1	0.000357304	1
380	AFR	6	1	0.000756277	1
381	AFR	1	0	0.000763371	0
382	AFR	6	1	0.000652299	1
383	SEA-AUS	5	0	0.000699109	0
384	LAM	8	1	0.000761053	1
385	AFR	1	0	0.000759833	0
386	NAM	9	1	0.000521118	1
387	NAM	4	0	0.000440678	0
388	NAM	4	0	0.00052276	0
389	LAM	3	0	0.0007529	0
390	LAM	3	0	0.000688287	0
391	EUR	7	0	0.00049399	0
392	NAM	4	0	0.000546406	0
393	LAM	3	0	0.000726413	0
394	LAM	8	0	0.000722445	1
395	NAM	9	1	0.000429105	1
396	EUR	7	1	0.000494985	1
397	AFR	1	0	0.000767558	0
398	LAM	8	0	0.000679477	0
399	LAM	3	0	0.000767598	0
400	AFR	1	0	0.000769275	0
401	NAM	9	1	0.000336069	1
402	NAM	9	1	0.000382668	1
403	NAM	4	0	0.000642617	0
404	EUR	7	1	0.000413257	1
405	EUR	2	1	0.000402707	0
406	NAM	4	0	0.000650631	0
407	SEA-AUS	10	1	0.000769199	0
408	SEA-AUS	5	0	0.000701883	0
409	AFR	6	1	0.000638073	1
410	EUR	7	1	0.000318181	1
411	EUR	7	1	0.00061434	1
412	LAM	3	0	0.000761575	0
413	AFR	6	0	0.000768743	1
414	NAM	4	0	0.000445569	0
415	SEA-AUS	10	1	0.000768668	1
416	EUR	2	0	0.000424244	0
417	EUR	7	0	0.000367764	0
418	AFR	6	0	0.000768695	1
419	AFR	1	0	0.000764312	0
420	EUR	2	0	0.00033655	0
421	AFR	1	0	0.00076931	0
422	LAM	3	0	0.000743951	0
423	NAM	9	1	0.000611538	1
424	AFR	1	0	0.000761113	0
425	SEA-AUS	5	0	0.000724204	0
426	LAM	3	0	0.000711337	0
427	LAM	8	1	0.000755348	1
428	SEA-AUS	5	0	0.000767229	0
429	LAM	8	1	0.000728872	1
430	AFR	1	0	0.000767371	0
431	EUR	7	1	0.000318286	1
432	AFR	1	0	0.000763597	0
433	SEA-AUS	5	0	0.000750628	0
434	EUR	7	0	0.000398932	1
435	LAM	3	0	0.000718474	0
436	LAM	3	1	0.00075932	0
437	LAM	8	1	0.000749103	1
438	SEA-AUS	10	1	0.000768388	1
439	LAM	3	0	0.000729609	0
440	EUR	7	1	0.000323303	1
441	SEA-AUS	10	0	0.000769	1
442	LAM	3	0	0.000753669	0
443	AFR	1	0	0.000721415	0
444	SEA-AUS	5	0	0.000740437	0
445	LAM	3	0	0.000705243	0
446	LAM	3	0	0.000706569	0
447	EUR	7	1	0.000377496	1
448	LAM	3	0	0.000752044	0
449	LAM	8	1	0.00072959	1
450	AFR	1	0	0.00076926	0
451	NAM	4	0	0.000639378	0
452	EUR	7	1	0.000397574	1
453	SEA-AUS	5	0	0.000766262	0
454	AFR	1	0	0.000765522	0
455	SEA-AUS	5	0	0.000754693	0
456	EUR	7	1	0.000457069	1
457	AFR	1	0	0.000769184	0
458	LAM	8	1	0.00075326	1
459	EUR	7	1	0.00036593	1
460	AFR	6	0	0.000754584	1
461	LAM	8	1	0.000735706	0
462	EUR	7	1	0.000422429	1
463	SEA-AUS	10	1	0.00064934	0
464	NAM	4	0	0.000640538	0
465	NAM	9	1	0.000337827	1
466	LAM	8	1	0.00065382	1
467	EUR	7	1	0.000366617	1
468	LAM	3	0	0.000734359	0
469	AFR	1	0	0.000767513	0
470	LAM	3	0	0.000754052	0
471	SEA-AUS	5	0	0.000769191	0
472	LAM	3	0	0.00076548	0
473	SEA-AUS	5	0	0.000581677	0
474	NAM	4	0	0.000640673	0
475	LAM	3	0	0.00076886	0
476	EUR	7	1	0.000375975	1
477	NAM	4	0	0.000636964	0
478	AFR	6	1	0.000769008	1
479	AFR	6	1	0.00069286	1
480	EUR	7	1	0.000486523	1
481	LAM	8	1	0.000701704	1
482	NAM	4	0	0.000551031	0
483	LAM	3	0	0.000696414	0
484	LAM	8	0	0.000756271	1
485	AFR	6	1	0.000769215	1
486	LAM	3	0	0.00075283	0
487	LAM	8	1	0.000749816	1
488	SEA-AUS	10	1	0.000768049	1
489	EUR	7	1	0.000436241	1
490	LAM	3	0	0.000767713	0
491	LAM	3	1	0.000760372	0
492	AFR	1	0	0.00076365	0
493	LAM	3	0	0.000762469	0
494	NAM	9	1	0.00040165	1
495	LAM	3	0	0.000764623	0
496	SEA-AUS	10	1	0.000660282	1
497	LAM	3	0	0.000755504	0
498	EUR	2	0	0.000458791	0
499	NAM	4	0	0.000425932	0
500	LAM	3	0	0.0007582	0
501	SEA-AUS	5	0	0.000768763	0
502	EUR	7	1	0.000369031	1
503	AFR	6	0	0.000766944	1
504	EUR	7	1	0.00043326	1
505	NAM	9	1	0.000350979	1
506	SEA-AUS	5	0	0.000769316	0
507	EUR	7	1	0.000342745	1
508	EUR	2	0	0.000475769	0
509	AFR	1	0	0.000767721	0
510	LAM	8	1	0.000752447	1
511	NAM	4	0	0.000451483	0
512	EUR	7	0	0.000332718	0
513	EUR	2	0	0.000363669	0
514	LAM	3	0	0.000764167	0
515	NAM	4	0	0.000636141	0
516	LAM	3	0	0.000765479	0
517	LAM	3	0	0.000749902	0
518	AFR	6	1	0.000712895	1
519	SEA-AUS	5	0	0.000751515	0
520	AFR	6	0	0.000631118	1
521	AFR	6	1	0.000710765	1
522	EUR	7	1	0.000359259	1
523	EUR	2	0	0.000360043	0
524	SEA-AUS	5	0	0.00076925	0
525	NAM	9	1	0.000327213	1
526	SEA-AUS	5	1	0.00076862	0
527	EUR	2	0	0.000401209	0
528	SEA-AUS	5	0	0.000689102	0
529	NAM	4	0	0.000653563	0
530	LAM	3	0	0.000728979	0
531	LAM	8	0	0.000721192	1
532	AFR	6	1	0.000641382	1
533	EUR	7	1	0.000354344	1
534	NAM	4	0	0.000617179	0
535	LAM	3	0	0.000768627	0
536	AFR	1	0	0.000768925	0
537	LAM	3	0	0.000758635	0
538	SEA-AUS	10	1	0.000668131	1
539	LAM	3	1	0.000752994	0
540	EUR	7	1	0.00038541	1
541	SEA-AUS	10	1	0.000668374	1
542	EUR	7	1	0.000612531	1
543	LAM	3	0	0.000642158	0
544	NAM	9	1	0.000551415	1
545	AFR	1	0	0.000756377	0
546	AFR	1	0	0.000764933	0
547	EUR	7	1	0.000347385	1
548	LAM	3	0	0.000730859	0
549	LAM	3	0	0.000769268	0
550	NAM	4	0	0.000471395	0
551	LAM	3	0	0.000760765	0
552	NAM	9	1	0.000323878	1
553	AFR	1	0	0.000734024	0
554	EUR	2	0	0.000526129	0
555	SEA-AUS	10	1	0.000769047	1
556	LAM	3	0	0.000749931	0
557	LAM	3	0	0.000680755	0
558	LAM	3	0	0.000703126	0
559	NAM	9	1	0.000369743	1
560	EUR	7	1	0.000429222	1
561	AFR	1	0	0.00076805	0
562	EUR	2	0	0.000449754	0
563	EUR	2	0	0.000342527	0
564	SEA-AUS	10	1	0.000684836	1
565	SEA-AUS	5	0	0.000768511	0
566	EUR	2	1	0.000411607	0
567	LAM	8	1	0.000760304	1
568	LAM	3	0	0.000756222	0
569	AFR	1	0	0.000765835	0
570	SEA-AUS	5	0	0.000623568	0
571	SEA-AUS	10	0	0.000769297	0
572	AFR	6	0	0.000769299	0
573	EUR	2	0	0.000480002	0
574	AFR	6	0	0.000768654	1
575	SEA-AUS	5	0	0.000710698	0
576	SEA-AUS	5	0	0.000768152	0
577	NAM	4	0	0.000440623	0
578	SEA-AUS	5	0	0.000768257	0
579	EUR	2	0	0.000406521	0
580	LAM	8	0	0.000719495	0
581	NAM	9	1	0.000317845	1
582	LAM	8	1	0.000767327	1
583	SEA-AUS	10	1	0.000657768	1
584	EUR	2	0	0.000336108	0
585	EUR	2	0	0.000544965	0
586	AFR	1	0	0.000769316	0
587	SEA-AUS	5	0	0.000687719	0
588	EUR	7	1	0.00034389	1
589	LAM	8	1	0.000761713	1
590	EUR	2	0	0.000361035	0
591	AFR	6	1	0.000620471	1
592	LAM	8	1	0.000751079	1
593	LAM	8	0	0.000754277	1
594	SEA-AUS	5	0	0.000768559	0
595	AFR	6	1	0.000716702	1
596	SEA-AUS	5	0	0.00076916	0
597	AFR	1	0	0.000669148	0
598	EUR	2	0	0.000374924	0
599	EUR	7	1	0.00039884	0
600	SEA-AUS	5	1	0.000767633	0
601	LAM	3	0	0.000768087	0
602	AFR	1	0	0.000764381	0
603	LAM	3	0	0.000687371	0
604	LAM	3	0	0.000746741	0
605	NAM	4	0	0.000646885	0
606	LAM	8	1	0.000757344	1
607	LAM	3	0	0.000739813	0
608	EUR	2	0	0.000558807	0
609	SEA-AUS	5	0	0.000748742	0
610	SEA-AUS	10	1	0.000769086	0
611	EUR	7	1	0.000361584	1
612	SEA-AUS	5	0	0.000749673	0
613	AFR	1	0	0.000756036	0
614	SEA-AUS	5	0	0.000767346	0
615	EUR	7	1	0.000467206	1
616	EUR	7	0	0.00037248	0
617	LAM	3	0	0.000758218	0
618	AFR	1	0	0.000767146	0
619	LAM	3	0	0.000746306	0
620	SEA-AUS	10	1	0.000767947	1
621	NAM	4	0	0.000645435	0
622	EUR	7	1	0.000292837	1
623	LAM	3	0	0.000757247	0
624	SEA-AUS	5	0	0.000763121	0
625	SEA-AUS	5	0	0.000769239	0
626	AFR	1	0	0.000768511	0
627	EUR	7	1	0.000345131	1
628	SEA-AUS	10	1	0.000645288	1
629	AFR	1	0	0.000765614	0
630	EUR	7	1	0.000292934	1
631	SEA-AUS	10	1	0.000750653	1
632	AFR	1	0	0.000762922	0
633	EUR	7	0	0.000390217	0
634	NAM	4	0	0.000649316	0
635	NAM	9	1	0.000379324	1
636	AFR	6	1	0.000619318	1
637	LAM	3	1	0.000752067	0
638	NAM	9	1	0.000443213	1
639	AFR	1	0	0.000722565	0
640	NAM	9	0	0.000525731	0
641	EUR	7	1	0.000401451	1
642	SEA-AUS	5	0	0.000723605	0
643	LAM	8	0	0.000758854	1
644	SEA-AUS	10	0	0.000605827	1
645	NAM	9	1	0.000451604	1
646	NAM	4	0	0.000642824	0
647	SEA-AUS	10	1	0.000668741	1
648	AFR	6	1	0.000764334	1
649	SEA-AUS	10	1	0.000643028	1
650	LAM	8	0	0.000754091	0
651	SEA-AUS	5	0	0.0007113	0
652	SEA-AUS	10	1	0.000632412	1
653	AFR	6	1	0.000739754	1
654	EUR	2	0	0.000432362	0
655	AFR	1	0	0.000749297	0
656	NAM	9	1	0.000439267	1
657	AFR	1	0	0.000761477	0
658	SEA-AUS	5	0	0.000767538	0
659	SEA-AUS	5	0	0.000751939	0
660	SEA-AUS	5	1	0.000768277	0
661	LAM	3	0	0.000733503	0
662	SEA-AUS	10	1	0.000769221	1
663	EUR	7	0	0.000482049	0
664	SEA-AUS	5	0	0.000681634	0
665	LAM	8	1	0.000750888	1
666	EUR	2	0	0.000373988	0
667	AFR	1	0	0.000696101	0
668	SEA-AUS	10	1	0.000699641	1
669	EUR	2	0	0.000391448	0
670	AFR	6	1	0.00062592	1
671	AFR	1	0	0.000760548	0
672	AFR	1	0	0.000752832	0
673	EUR	7	1	0.000339062	1
674	EUR	7	1	0.000461349	1
675	NAM	4	0	0.000510483	0
676	LAM	8	1	0.000762055	1
677	LAM	3	0	0.000768426	0
678	AFR	1	0	0.000759225	0
679	EUR	7	0	0.000358691	1
680	LAM	8	1	0.000726776	1
681	SEA-AUS	5	0	0.000768545	0
682	NAM	9	1	0.000392405	1
683	SEA-AUS	10	0	0.000768397	0
684	NAM	4	0	0.000506154	0
685	EUR	7	1	0.000392898	1
686	NAM	9	1	0.000310535	1
687	EUR	7	0	0.000324068	0
688	AFR	1	0	0.00076905	0
689	LAM	3	0	0.000707274	0
690	LAM	3	0	0.000714463	0
691	EUR	7	1	0.000472408	1
692	EUR	7	1	0.000572684	1
693	LAM	8	1	0.000709326	1
694	EUR	2	0	0.000427816	0
695	LAM	3	0	0.000589479	0
696	LAM	3	0	0.000718905	0
697	LAM	3	0	0.000750743	0
698	AFR	6	0	0.000738168	0
699	AFR	1	0	0.000764581	0
700	AFR	1	0	0.000754048	0
701	SEA-AUS	5	0	0.000709702	0
702	AFR	6	1	0.000709125	1
703	LAM	3	0	0.000758794	0
704	SEA-AUS	10	1	0.000640179	1
705	AFR	6	0	0.000696944	0
706	EUR	2	0	0.00048731	0
707	EUR	7	1	0.000332407	1
708	LAM	3	1	0.000690642	0
709	LAM	3	0	0.000732446	0
710	EUR	2	0	0.000420998	0
711	NAM	9	1	0.000394481	1
712	LAM	3	0	0.00076867	0
713	NAM	9	1	0.000364763	1
714	SEA-AUS	5	0	0.000679887	0
715	NAM	4	0	0.000505044	0
716	NAM	4	0	0.000647405	0
717	AFR	6	1	0.00063904	1
718	AFR	1	1	0.000760837	0
719	NAM	4	0	0.000642149	0
720	AFR	1	0	0.0007515	0
721	NAM	4	0	0.00066403	0
722	LAM	8	1	0.000769267	1
723	LAM	8	1	0.000767432	1
724	AFR	6	0	0.00076815	1
725	SEA-AUS	10	0	0.000767627	0
726	LAM	8	1	0.000727761	1
727	NAM	9	1	0.000362802	1
728	AFR	6	1	0.000697208	1
729	SEA-AUS	5	0	0.000768562	0
730	LAM	8	1	0.000744758	1
731	SEA-AUS	5	0	0.000769022	0
732	NAM	4	0	0.000656854	0
733	EUR	2	0	0.000489697	0
734	AFR	6	0	0.000681806	1
735	AFR	6	1	0.000638254	1
736	LAM	8	0	0.000768357	1
737	LAM	8	1	0.000766329	1
738	LAM	3	0	0.000761832	0
739	NAM	9	1	0.000459362	1
740	LAM	8	1	0.000768883	1
741	NAM	9	1	0.000304816	1
742	AFR	1	0	0.000740185	0
743	AFR	6	1	0.0007396	1
744	NAM	9	1	0.000422691	1
745	NAM	9	1	0.00032961	1
746	LAM	3	0	0.000703745	0
747	LAM	8	1	0.000761299	1
748	AFR	1	0	0.000766445	0
749	NAM	4	0	0.000499082	0
750	LAM	3	0	0.000755927	0
751	LAM	3	0	0.000768856	0
752	EUR	7	0	0.000359313	0
753	LAM	3	0	0.000768384	0
754	NAM	9	1	0.000363598	1
755	EUR	7	1	0.00042508	1
756	EUR	7	1	0.000452198	1
757	NAM	9	0	0.000493252	1
758	AFR	1	0	0.000765103	0
759	NAM	9	1	0.000466965	1
760	EUR	7	1	0.000309745	1
761	EUR	2	0	0.000395017	0
762	EUR	7	1	0.000418426	1
763	LAM	3	0	0.000653145	0
764	SEA-AUS	5	0	0.00076835	0
765	EUR	7	1	0.000278785	1
766	AFR	1	0	0.000750674	0
767	SEA-AUS	5	0	0.000768894	0
768	LAM	3	0	0.000765649	0
769	EUR	2	0	0.00047843	0
770	LAM	3	0	0.000739547	0
771	AFR	1	0	0.000756853	0
772	AFR	6	1	0.000637065	1
773	SEA-AUS	5	0	0.000768359	0
774	SEA-AUS	5	0	0.000769164	0
775	AFR	6	0	0.000640318	1
776	EUR	2	0	0.000427998	0
777	NAM	4	0	0.000454715	0
778	AFR	1	0	0.000741232	0
779	AFR	6	0	0.000765521	1
780	LAM	3	0	0.000753521	0
781	LAM	8	1	0.000684246	1
782	LAM	8	0	0.000661413	0
783	SEA-AUS	5	0	0.000768934	0
784	LAM	3	0	0.000758502	0
785	SEA-AUS	5	0	0.000768257	0
786	NAM	9	1	0.000448519	1
787	SEA-AUS	10	1	0.000649869	1
788	SEA-AUS	10	0	0.000769295	0
789	EUR	7	1	0.000454965	1
790	LAM	3	0	0.000752291	0
791	NAM	9	1	0.00062473	1
792	NAM	4	0	0.000511094	0
793	SEA-AUS	10	0	0.000612244	1
794	NAM	4	0	0.000439251	0
795	EUR	2	0	0.000414296	0
796	LAM	8	0	0.000760184	1
797	AFR	1	0	0.000737487	0
798	EUR	7	1	0.000379635	1
799	EUR	2	0	0.000364584	0
800	NAM	9	1	0.000457492	1
801	SEA-AUS	5	0	0.0007693	0
802	EUR	2	0	0.000416427	0
803	EUR	7	0	0.000569766	0
804	EUR	7	1	0.000491235	1
805	NAM	4	0	0.000648989	0
806	AFR	1	0	0.000761899	0
807	AFR	6	1	0.000751545	1
808	NAM	9	1	0.000486053	1
809	AFR	6	1	0.000714597	1
810	SEA-AUS	5	0	0.000754144	0
811	AFR	6	0	0.000766661	1
812	SEA-AUS	5	0	0.000594639	0
813	LAM	3	0	0.000748889	0
814	LAM	3	0	0.000728963	0
815	LAM	8	0	0.000652037	1
816	LAM	3	0	0.000738251	0
817	AFR	6	1	0.000651049	1
818	SEA-AUS	5	0	0.000647129	0
819	SEA-AUS	10	1	0.000580744	1
820	EUR	7	1	0.000324274	1
821	LAM	8	0	0.000768861	1
822	LAM	3	0	0.000622836	0
823	NAM	9	1	0.000301539	1
824	LAM	3	0	0.000735187	0
825	NAM	4	0	0.000647832	0
826	EUR	2	0	0.00039908	0
827	NAM	4	0	0.000664417	0
828	AFR	6	0	0.000640568	1
829	NAM	9	0	0.000497677	0
830	LAM	8	0	0.00076787	1
831	SEA-AUS	10	1	0.000645244	1
832	EUR	2	0	0.000420741	0
833	NAM	9	1	0.000496028	0
834	EUR	7	1	0.000383135	1
835	AFR	1	0	0.000759794	0
836	EUR	7	1	0.000489235	1
837	LAM	8	0	0.00073343	0
838	AFR	6	1	0.000745802	1
839	AFR	1	0	0.000753101	0
840	LAM	3	0	0.000710739	0
841	NAM	9	1	0.000397412	1
842	NAM	9	1	0.000468402	1
843	NAM	9	0	0.000388999	1
844	AFR	6	1	0.000708441	1
845	AFR	6	0	0.000768502	1
846	EUR	2	0	0.000486593	0
847	EUR	2	0	0.000461384	0
848	LAM	3	0	0.000766656	0
849	SEA-AUS	5	0	0.00076727	0
850	LAM	8	0	0.00075792	0
851	NAM	9	1	0.000633461	1
852	LAM	8	0	0.000766397	0
853	EUR	2	0	0.000399421	0
854	LAM	8	0	0.000704657	1
855	EUR	7	1	0.000354803	1
856	EUR	2	0	0.000426255	0
857	EUR	7	1	0.000330494	1
858	SEA-AUS	5	0	0.000768568	0
859	EUR	7	1	0.000398762	1
860	NAM	4	0	0.000517378	0
861	SEA-AUS	5	0	0.000707877	0
862	SEA-AUS	5	0	0.00076925	0
863	EUR	7	1	0.000373595	1
864	SEA-AUS	5	0	0.00070889	0
865	NAM	9	0	0.000626636	1
866	SEA-AUS	5	0	0.00076924	0
867	AFR	1	0	0.000767243	0
868	LAM	3	0	0.000749247	0
869	NAM	9	1	0.000527896	1
870	AFR	6	0	0.000769181	1
871	NAM	4	0	0.000543344	0
872	SEA-AUS	10	0	0.000765353	1
873	NAM	4	0	0.000536042	0
874	AFR	1	0	0.000688382	0
875	NAM	9	1	0.00033983	1
876	SEA-AUS	5	0	0.000765957	0
877	NAM	4	0	0.000667264	0
878	AFR	1	0	0.000764768	0
879	LAM	3	0	0.000768137	0
880	AFR	6	0	0.000760492	1
881	SEA-AUS	10	1	0.000768721	0
882	SEA-AUS	10	0	0.000768041	0
883	SEA-AUS	10	1	0.000768666	1
884	LAM	3	0	0.000722051	0
885	NAM	9	1	0.000470039	1
886	SEA-AUS	5	0	0.000768352	0
887	AFR	6	0	0.000767793	1
888	SEA-AUS	5	0	0.00076576	0
889	AFR	1	0	0.000764436	0
890	EUR	7	1	0.000362208	1
891	NAM	4	0	0.000538564	0
892	LAM	8	1	0.000768827	1
893	LAM	3	0	0.00073172	0
894	NAM	4	0	0.000649483	0
895	AFR	1	0	0.000769237	0
896	AFR	6	1	0.00070612	1
897	LAM	3	0	0.000768143	0
898	AFR	1	0	0.00076653	0
899	NAM	4	0	0.000494387	0
900	NAM	4	0	0.0005579	0
901	EUR	2	0	0.000305179	0
902	EUR	7	1	0.000301446	1
903	NAM	4	0	0.000526487	0
904	NAM	4	0	0.000445976	0
905	EUR	2	0	0.000364593	0
906	EUR	7	0	0.000495307	1
907	AFR	6	0	0.000768329	1
908	NAM	9	1	0.0003983	1
909	EUR	7	1	0.000474187	1
910	EUR	7	0	0.000473492	1
911	EUR	7	1	0.00031382	1
912	LAM	3	0	0.000757042	0
913	SEA-AUS	5	0	0.0005736	0
914	LAM	3	0	0.000730928	0
915	EUR	2	0	0.000399444	0
916	LAM	3	0	0.000765437	0
917	EUR	2	0	0.000499844	0
918	NAM	4	0	0.000633466	0
919	LAM	8	0	0.000632494	1
920	LAM	3	0	0.000756352	0
921	EUR	2	0	0.000491742	0
922	SEA-AUS	5	0	0.000768849	0
923	SEA-AUS	5	0	0.000755239	0
924	EUR	2	0	0.00042361	0
925	NAM	4	0	0.000626892	0
926	EUR	2	0	0.000372737	0
927	SEA-AUS	5	0	0.000707643	0
928	NAM	4	0	0.000522107	0
929	NAM	9	1	0.000483075	1
930	NAM	4	0	0.000493027	0
931	AFR	6	1	0.000645905	1
932	EUR	2	0	0.000377401	0
933	SEA-AUS	5	0	0.000693909	0
934	LAM	3	0	0.000684388	0
935	EUR	7	1	0.000339712	1
936	LAM	8	0	0.000757072	0
937	EUR	2	0	0.000388188	0
938	SEA-AUS	10	0	0.000686112	1
939	LAM	3	0	0.000740472	0
940	EUR	7	1	0.000409104	0
941	LAM	8	1	0.000727347	1
942	AFR	1	0	0.00072611	0
943	NAM	4	0	0.000652476	0
944	NAM	4	0	0.000399972	0
945	LAM	8	1	0.000756612	1
946	SEA-AUS	5	0	0.000752339	0
947	SEA-AUS	10	0	0.000688348	1
948	AFR	1	0	0.000756605	0
949	NAM	9	1	0.00036366	1
950	NAM	4	0	0.000579457	0
951	SEA-AUS	5	0	0.00076077	0
952	SEA-AUS	5	0	0.000746822	0
953	AFR	6	0	0.000768999	1
954	LAM	3	0	0.000714793	0
955	AFR	1	0	0.000769298	0
956	EUR	7	1	0.000393755	0
957	SEA-AUS	5	0	0.000684054	0
958	EUR	7	1	0.000386643	1
959	SEA-AUS	10	0	0.000763379	0
960	EUR	7	1	0.000491071	1
961	EUR	7	0	0.000579104	0
962	LAM	3	0	0.000682904	0
963	LAM	3	0	0.000767764	0
964	EUR	2	0	0.000361336	0
965	SEA-AUS	10	1	0.000665091	1
966	SEA-AUS	10	1	0.000655177	1
967	SEA-AUS	5	0	0.000769117	0
968	LAM	8	0	0.0007664	1
969	LAM	3	0	0.00074743	0
970	AFR	6	1	0.000769247	1
971	NAM	4	0	0.000651404	0
972	EUR	7	1	0.000303063	1
973	EUR	7	1	0.000319799	1
974	LAM	3	0	0.000760137	0
975	SEA-AUS	10	1	0.000627643	1
976	AFR	1	0	0.00073562	0
977	SEA-AUS	5	0	0.000768834	0
978	LAM	3	0	0.000769118	0
979	EUR	2	0	0.000565375	0
980	AFR	6	0	0.00076394	1
981	LAM	8	1	0.000726959	1
982	SEA-AUS	10	0	0.000687385	1
983	EUR	7	1	0.000382821	1
984	NAM	9	1	0.000566241	1
985	AFR	1	0	0.000768284	0
986	SEA-AUS	10	1	0.00062713	1
987	NAM	4	0	0.000631492	0
988	SEA-AUS	5	0	0.000737612	0
989	LAM	3	0	0.000765004	0
990	LAM	8	0	0.00076898	1
991	AFR	1	0	0.000767047	0
992	SEA-AUS	5	0	0.000756555	0
993	SEA-AUS	5	0	0.000768513	0
994	SEA-AUS	5	0	0.00069751	0
995	NAM	9	1	0.000304367	1
996	LAM	8	1	0.000743169	1
997	SEA-AUS	5	0	0.000707892	0
998	LAM	8	0	0.000709011	0
999	SEA-AUS	5	0	0.000717688	0
1000	NAM	4	0	0.000540969	0
1001	LAM	3	0	0.000765569	0
1002	SEA-AUS	10	0	0.000754675	1
1003	AFR	1	0	0.000766073	0
1004	LAM	3	0	0.000760859	0
1005	SEA-AUS	10	1	0.000648262	1
1006	LAM	3	0	0.000730402	0
1007	AFR	6	1	0.000641039	1
1008	SEA-AUS	5	0	0.000769119	0
1009	LAM	3	0	0.00073786	0
1010	SEA-AUS	5	0	0.000767253	0
1011	AFR	1	0	0.000765046	0
1012	SEA-AUS	5	0	0.000690238	0
1013	AFR	1	0	0.000639562	0
1014	EUR	2	0	0.000353479	0
1015	LAM	3	0	0.000760371	0
1016	EUR	7	1	0.000508861	1
1017	SEA-AUS	5	0	0.000754544	0
1018	NAM	4	0	0.000645633	0
1019	LAM	3	0	0.000757877	0
1020	NAM	9	1	0.000488073	1
1021	EUR	2	0	0.000353464	0
1022	AFR	6	0	0.000726316	1
1023	EUR	2	0	0.000359143	0
1024	LAM	3	0	0.000759573	0
1025	NAM	4	0	0.000642971	0
1026	EUR	7	1	0.000460888	1
1027	EUR	2	0	0.000570703	0
1028	LAM	3	0	0.000751445	0
1029	AFR	6	1	0.0006465	1
1030	LAM	3	0	0.00075154	0
1031	LAM	3	0	0.000758832	0
1032	NAM	4	0	0.000464928	0
1033	EUR	7	0	0.000318976	0
1034	LAM	3	0	0.000749	0
1035	EUR	2	0	0.000561541	0
1036	LAM	3	0	0.000709336	0
1037	AFR	6	0	0.000763474	1
1038	AFR	1	0	0.000759013	0
1039	LAM	8	1	0.00074957	1
1040	AFR	6	1	0.000728811	1
1041	AFR	6	0	0.000741448	0
1042	AFR	6	0	0.000640705	1
1043	SEA-AUS	10	0	0.000766691	0
1044	AFR	1	0	0.000760052	0
1045	LAM	3	0	0.000769249	0
1046	NAM	4	0	0.000488733	0
1047	EUR	7	1	0.000429304	1
1048	AFR	1	0	0.000769259	0
1049	AFR	6	1	0.000622766	1
1050	SEA-AUS	10	1	0.000639571	1
1051	SEA-AUS	5	0	0.000704446	0
1052	LAM	3	0	0.0007677	0
1053	LAM	3	0	0.000765692	0
1054	NAM	9	1	0.000407244	1
1055	NAM	9	1	0.000365596	1
1056	SEA-AUS	10	1	0.000769274	1
1057	SEA-AUS	5	0	0.00076931	0
1058	EUR	7	1	0.000347144	1
1059	AFR	1	0	0.000758971	0
1060	LAM	3	1	0.000766766	0
1061	AFR	1	0	0.000769282	0
1062	AFR	6	0	0.000720912	1
1063	LAM	3	0	0.000706389	0
1064	NAM	4	0	0.000471863	0
1065	AFR	1	0	0.000765103	0
1066	NAM	4	0	0.000535481	0
1067	EUR	7	1	0.000351542	1
1068	LAM	3	0	0.000759445	0
1069	EUR	2	0	0.000413971	0
1070	EUR	7	0	0.000378344	1
1071	SEA-AUS	10	1	0.000646425	1
1072	NAM	4	0	0.000640555	0
1073	EUR	7	1	0.000447719	1
1074	LAM	3	0	0.000713116	0
1075	SEA-AUS	10	0	0.00076835	1
1076	AFR	1	0	0.000765247	0
1077	AFR	1	0	0.000730518	0
1078	SEA-AUS	10	1	0.000626549	1
1079	AFR	1	0	0.000727302	0
1080	SEA-AUS	5	0	0.000747574	0
1081	NAM	4	0	0.000644341	0
1082	NAM	9	1	0.000426162	1
1083	SEA-AUS	5	0	0.000733471	0
1084	LAM	8	0	0.000768662	0
1085	SEA-AUS	10	1	0.000768108	1
1086	NAM	9	1	0.000424278	1
1087	SEA-AUS	10	0	0.000767962	1
1088	AFR	6	0	0.00070877	1
1089	LAM	3	0	0.000769315	0
1090	LAM	3	0	0.000767105	0
1091	SEA-AUS	5	0	0.000769316	0
1092	SEA-AUS	10	1	0.000650844	1
1093	LAM	3	0	0.000731962	0
1094	AFR	6	0	0.000636205	1
1095	EUR	2	0	0.000380655	0
1096	SEA-AUS	10	0	0.000768154	0
1097	AFR	6	1	0.000618186	1
1098	EUR	2	0	0.000580569	0
1099	SEA-AUS	5	0	0.000761774	0
1100	NAM	4	0	0.000445038	0
1101	SEA-AUS	10	1	0.000768998	1
1102	EUR	2	0	0.000474129	0
1103	EUR	2	0	0.000487877	0
1104	EUR	7	1	0.000461444	1
1105	EUR	7	1	0.000355377	1
1106	LAM	8	1	0.000749051	1
1107	NAM	9	1	0.000600848	1
1108	SEA-AUS	10	0	0.000769291	0
1109	SEA-AUS	10	1	0.000650825	1
1110	EUR	7	1	0.000355347	0
1111	LAM	3	0	0.00075667	0
1112	EUR	2	0	0.00056713	0
1113	AFR	6	1	0.00075948	1
1114	AFR	6	0	0.000637856	0
1115	NAM	4	0	0.000658709	0
1116	LAM	3	0	0.000769267	0
1117	LAM	3	0	0.000753241	0
1118	AFR	6	0	0.000768816	1
1119	SEA-AUS	5	0	0.000760465	0
1120	AFR	6	0	0.000746636	0
1121	LAM	3	0	0.000742483	0
1122	AFR	1	0	0.000768963	0
1123	LAM	3	0	0.000769276	0
1124	EUR	7	1	0.000395895	1
1125	LAM	3	0	0.000710429	0
1126	AFR	1	0	0.000747236	0
1127	AFR	1	0	0.000747138	0
1128	NAM	4	0	0.00044861	0
1129	EUR	7	1	0.000356264	1
1130	NAM	4	0	0.000499345	0
1131	EUR	2	0	0.000402534	0
1132	AFR	6	1	0.000749923	1
1133	SEA-AUS	10	1	0.000769051	1
1134	EUR	2	0	0.00047018	0
1135	SEA-AUS	10	0	0.00076905	0
1136	EUR	7	1	0.000371903	1
1137	LAM	8	1	0.000740298	1
1138	LAM	3	0	0.00072605	0
1139	LAM	8	1	0.000731596	1
1140	AFR	6	1	0.000716886	1
1141	SEA-AUS	5	0	0.000769266	0
1142	LAM	3	0	0.00072198	0
1143	NAM	4	0	0.000668121	0
1144	AFR	1	0	0.000767798	0
1145	AFR	1	0	0.000746681	0
1146	LAM	3	0	0.000733832	0
1147	LAM	3	0	0.000725563	0
1148	EUR	7	1	0.000372876	1
1149	LAM	8	1	0.000768515	1
1150	NAM	4	0	0.000610872	0
1151	AFR	6	1	0.000724976	1
1152	AFR	6	1	0.000726068	1
1153	LAM	3	0	0.000769309	0
1154	AFR	6	1	0.000638748	1
1155	AFR	1	0	0.000766013	0
1156	SEA-AUS	5	0	0.000691726	0
1157	AFR	1	1	0.000765166	0
1158	EUR	2	0	0.000593066	0
1159	NAM	9	1	0.000477905	1
1160	LAM	8	1	0.000756999	0
1161	LAM	8	0	0.000735132	1
1162	SEA-AUS	5	0	0.000724638	0
1163	EUR	2	0	0.000349563	0
1164	LAM	3	0	0.000748533	0
1165	AFR	1	0	0.000687183	0
1166	SEA-AUS	5	0	0.000769201	0
1167	SEA-AUS	5	0	0.000746588	0
1168	NAM	4	0	0.000666252	0
1169	AFR	1	0	0.000769222	0
1170	EUR	7	1	0.000395429	1
1171	AFR	1	0	0.000766095	0
1172	AFR	1	0	0.000765816	0
1173	AFR	6	0	0.000640005	0
1174	LAM	3	0	0.00072729	0
1175	LAM	3	0	0.000748054	0
1176	AFR	1	0	0.000769316	0
1177	NAM	9	1	0.000374325	1
1178	NAM	9	1	0.000410944	1
1179	EUR	7	1	0.000386544	1
1180	SEA-AUS	5	0	0.00076845	0
1181	AFR	1	0	0.000768864	0
1182	LAM	3	0	0.000765317	0
1183	AFR	1	0	0.000764644	0
1184	LAM	8	0	0.000769036	1
1185	LAM	3	0	0.000705484	0
1186	LAM	8	1	0.000755403	1
1187	LAM	3	0	0.000767938	0
1188	NAM	9	1	0.000332211	1
1189	LAM	3	0	0.000766563	0
1190	SEA-AUS	5	0	0.000769297	0
1191	EUR	2	0	0.000346001	0
1192	LAM	8	1	0.000755275	1
1193	EUR	7	1	0.000348725	1
1194	LAM	3	0	0.000737107	0
1195	AFR	6	1	0.000713694	1
1196	NAM	4	0	0.000619525	0
1197	EUR	7	0	0.000516382	1
1198	AFR	1	0	0.000769294	0
1199	SEA-AUS	10	1	0.000768518	0
1200	NAM	9	1	0.000302319	1
1201	SEA-AUS	5	0	0.00076772	0
1202	LAM	8	1	0.00071912	1
1203	AFR	1	0	0.000768737	0
1204	AFR	6	0	0.000765893	1
1205	EUR	2	0	0.000412431	0
1206	LAM	3	0	0.000722855	0
1207	SEA-AUS	10	1	0.00061242	1
1208	SEA-AUS	5	0	0.000768239	0
1209	EUR	7	0	0.000456757	0
1210	AFR	1	0	0.000766001	0
1211	NAM	9	1	0.000480415	1
1212	NAM	9	1	0.000346011	1
1213	NAM	9	1	0.000468984	1
1214	AFR	6	1	0.000639747	1
1215	NAM	9	0	0.000296825	1
1216	AFR	1	0	0.000753239	0
1217	SEA-AUS	5	0	0.00073974	0
1218	SEA-AUS	5	0	0.000768534	0
1219	AFR	6	1	0.00063828	1
1220	SEA-AUS	5	0	0.000768975	0
1221	EUR	7	1	0.000448196	1
1222	SEA-AUS	5	0	0.000769258	0
1223	NAM	9	1	0.00064032	1
1224	LAM	3	0	0.000689259	0
1225	SEA-AUS	5	0	0.000767084	0
1226	LAM	8	0	0.000768142	1
1227	EUR	7	1	0.000453852	1
1228	LAM	3	0	0.000737047	0
1229	NAM	9	1	0.000424773	1
1230	AFR	1	0	0.000766043	0
1231	NAM	4	0	0.00066637	0
1232	LAM	8	1	0.000725432	1
1233	EUR	7	1	0.000345291	1
1234	NAM	4	0	0.000644491	0
1235	AFR	1	0	0.000750098	0
1236	NAM	9	1	0.000417916	1
1237	LAM	8	1	0.000769172	1
1238	SEA-AUS	5	0	0.000699718	0
1239	EUR	7	0	0.000582002	0
1240	NAM	9	1	0.00042918	1
1241	LAM	3	0	0.000684416	0
1242	AFR	1	0	0.000766582	0
1243	EUR	7	1	0.000467546	1
1244	SEA-AUS	10	0	0.000767865	0
1245	NAM	4	0	0.000653087	0
1246	LAM	3	0	0.0007526	0
1247	NAM	9	1	0.00032152	1
1248	SEA-AUS	5	0	0.000669217	0
1249	SEA-AUS	5	0	0.000699116	0
1250	NAM	4	0	0.000490957	0
1251	EUR	2	0	0.000553484	0
1252	NAM	9	1	0.00050726	1
1253	LAM	3	0	0.000749889	0
1254	AFR	6	1	0.000719866	0
1255	NAM	4	0	0.000446756	0
1256	LAM	3	0	0.000670594	0
1257	SEA-AUS	5	0	0.000769235	0
1258	NAM	9	1	0.000418457	1
1259	LAM	8	0	0.000682494	0
